67 72
1 2 1 1015
2 3 1 1007
3 4 1 1552
4 5 1 1530
5 6 1 1135
6 7 1 3729
28 58 6 1329
58 64 6 1261
64 2 6 1978
2 40 6 1569
40 66 6 1883
66 55 6 1378
55 38 6 1138
38 37 8 1514
37 36 8 1649
34 17 8 1546
17 34 8 1487
34 33 8 1649
33 32 8 1049
32 31 8 1458
31 30 8 1842
30 9 8 1076
9 29 8 1437
29 28 8 1909
8 9 3 1004
9 10 3 1472
10 11 3 1865
11 12 3 1095
12 13 3 1673
13 14 3 1805
14 15 3 1288
15 16 3 1496
16 17 3 1952
17 18 3 1249
18 19 3 1441
19 20 3 1351
39 40 4 1502
40 41 4 1573
41 42 4 1520
42 6 4 1117
6 43 4 1258
43 44 4 1779
44 37 4 1232
37 45 4 1222
45 27 4 1401
57 58 5 1310
58 10 5 1857
10 60 5 1862
60 50 5 1411
50 32 5 1449
32 22 5 1116
22 63 5 1523
46 21 2 1731
21 31 2 1565
31 49 2 1376
49 50 2 1080
50 51 2 1304
51 52 2 1047
52 15 2 1857
15 53 2 1103
53 43 2 1693
43 54 2 1724
54 55 2 1951
55 56 2 1819
21 22 7 1845
22 23 7 1102
23 24 7 1608
24 19 7 1126
19 25 7 1575
25 26 7 1534
26 27 7 1679
12 3 0 500